.Random.seed <-
c(10403L, 10L, 1229858669L, -189327356L, 1752896298L, -319510379L, 
486274863L, 100245046L, -279442848L, 1793497251L, -2108949567L, 
1763948464L, 276652750L, -1410170823L, 1207825995L, 1570405370L, 
-1728100612L, -2143483073L, -752024555L, 138944300L, -274533374L, 
-1260833059L, -1507785257L, 427126974L, 739377912L, 268011739L, 
-178816199L, -1110176120L, 1570634294L, 1372639857L, -1697298269L, 
-1668185614L, -328363708L, -1145501177L, 1186822109L, 1510518996L, 
1100165114L, -402479291L, 898974623L, -562329306L, -890381904L, 
1126396499L, -274350735L, -699200352L, 230526014L, -1394850999L, 
-722349573L, 15283658L, -1798112468L, -585600209L, 1457039845L, 
-495487844L, -371293966L, 1234671981L, -1565698393L, -695084850L, 
1272378920L, 196640299L, 1330779209L, 797926744L, -189072378L, 
1242562017L, 1204602739L, 1725219810L, -450892972L, -810621353L, 
-398631347L, 1724830180L, -1122948150L, 503762485L, 142349455L, 
173669782L, -1189469888L, 1811905539L, 1033846305L, -2077538032L, 
1521084142L, 1273461401L, -951061717L, -1027727846L, -2089667364L, 
1901021407L, 358901429L, -402481076L, -724460382L, -782390275L, 
174651639L, 860053022L, -1055362856L, 1212585019L, -1518535207L, 
-1166562456L, 783173270L, 1715019793L, -270564925L, 846179794L, 
-2062220188L, 1897477031L, -412885763L, 1106999540L, -2062086182L, 
-1892785371L, 1325388351L, -228165178L, -1738813872L, 651166323L, 
-1127647599L, 2057080512L, -1030580066L, 695530601L, -343187301L, 
-1090756182L, -1045136948L, 1022678159L, -677368635L, 596753532L, 
-1768443694L, 2128597069L, 1649060103L, 1644813550L, -969148984L, 
1470888651L, 1414767401L, 18760568L, -1201497946L, 45081281L, 
114250579L, 175849474L, -112005836L, 319334071L, 99195565L, 231758788L, 
-1926511638L, -1263719339L, -1534995985L, -1113196042L, -968335584L, 
1909240035L, -1211603583L, 1488094192L, -1078310258L, -1100145159L, 
-417259637L, -592176198L, 2064057020L, 1051515391L, 764151637L, 
-1880211348L, 788567234L, 1924513565L, 1758918039L, -591305474L, 
-307630408L, 803655835L, -1806704903L, 1211592776L, 1914405750L, 
-1178593615L, 1670674147L, -911899214L, -2111918588L, -1081801401L, 
506757149L, -2080274796L, 979799610L, -1951711099L, 1303283039L, 
1182035430L, 1123304560L, -266496109L, -1076174799L, -925389088L, 
141674366L, -1075216887L, -1477945797L, -15259638L, -1023633428L, 
514038895L, 242267045L, -1221520548L, -1119297742L, 1932955181L, 
-2112142105L, 525190670L, -707535896L, 908682731L, 431812233L, 
-99009000L, -1264388794L, -2088033375L, -473067981L, 1326998434L, 
1922348692L, 478663959L, -397937907L, -1096523228L, -1013405174L, 
1711674229L, -1807239473L, -1784030762L, -1787890304L, -256987709L, 
997411681L, 213324240L, 804735278L, 384700633L, 1650060011L, 
-1369229478L, 145584412L, -1447438305L, -1076485003L, 2065269004L, 
1937689826L, 1246168509L, -480521673L, 366166238L, 586525720L, 
459510651L, -923671783L, 720863144L, -251519146L, 1819256785L, 
-786697341L, 724792850L, -1552952924L, -1172535961L, -1677808963L, 
968665652L, -1644007014L, 750542202L, 13256624L, 1015004604L, 
1188000852L, 1412585410L, -75511776L, -89620292L, -1603897776L, 
-1385965598L, -1985537944L, 28497996L, 2024326396L, 688957426L, 
-159703808L, -474307212L, 1043898376L, -1728076870L, -1063025200L, 
-376242196L, 483599764L, -484236846L, -1024599712L, 465083212L, 
-1041366752L, -430217342L, 1581203176L, 1810540780L, -146536388L, 
-689434766L, 873475696L, -324088796L, 1195253560L, 1139395738L, 
-828140848L, 215879868L, 1666330260L, 1359785602L, 1243177152L, 
-150534340L, -1161391984L, -755560926L, 1325165576L, 617745676L, 
752815260L, -1117220334L, -973687936L, -1239206380L, 341175848L, 
776641850L, 366833104L, -307279764L, -1904966348L, -978376046L, 
1444433760L, 688402252L, -1001199648L, 924285858L, -1330422872L, 
-976799348L, -649167684L, 577634674L, -1833178896L, -1615767484L, 
111895896L, -1841706438L, -1167224976L, -1996354500L, -1822817516L, 
1483818434L, -901165344L, -1391580292L, -1875184944L, 1964174498L, 
1122418728L, 1953397004L, -365671492L, -401294030L, 1184588224L, 
-1018840524L, -1511993400L, 1910586554L, 794882448L, -19447316L, 
1449080404L, 1971524754L, -48659680L, -1955626548L, -82823712L, 
-532044094L, 520767528L, 477943468L, -887365444L, -1308893710L, 
-1130738384L, -432216924L, -1046267208L, -701638310L, -275199600L, 
-728406148L, 457369876L, 1171267394L, 1532833536L, -1174158404L, 
-1191406768L, -1821573342L, -86743736L, -636056052L, -587122596L, 
-499904302L, 1354583552L, -482913964L, -1856807448L, -1739047942L, 
-2138121008L, -577963732L, -1236449548L, 813751698L, -1281458080L, 
-178645748L, -1339180320L, 1609858402L, -501800280L, -465360308L, 
-1269074564L, 1686198578L, -1441411984L, -1645081788L, -1392762408L, 
2073334906L, -429644240L, -1980972356L, 40301396L, -124997566L, 
1660373408L, -1360349508L, -1859519024L, -1062355614L, -523302936L, 
-857034804L, 1070088956L, -277826062L, 2084179072L, 877107444L, 
-8562040L, 1287285562L, 1583581008L, 1054579308L, -781543276L, 
8184146L, 231503584L, -182368564L, -929126240L, -685299838L, 
-1744189720L, 386707180L, 1857220668L, 121611890L, 924013680L, 
-1654560220L, 1558714424L, 82391066L, 678717136L, 2037021756L, 
1494084756L, 52201602L, -1034252352L, 504682812L, 204732048L, 
-180346846L, 140564488L, 1772866700L, 1556681756L, -411719022L, 
656371840L, -2094566380L, -1945499352L, 721218106L, 280392912L, 
-2093288340L, -759120204L, -762476526L, -128260128L, -1089760308L, 
-1109504544L, 335036962L, 24935720L, -1342311156L, 618884668L, 
-33283854L, -1859031312L, 1487327044L, -1847296424L, -1912858054L, 
203710192L, -736587588L, -1334910444L, -512858942L, 144028768L, 
-1080828548L, 426541264L, 23295010L, -993808728L, 1933362060L, 
-1605591620L, 745114674L, 1337976640L, 1668052148L, 1815242568L, 
-1282147654L, -586948848L, 1416785132L, -1710926764L, -1127788782L, 
-313374816L, 868815820L, -1587788960L, -319351614L, -537242072L, 
-1817758292L, -1190458564L, -584558734L, -1147693264L, -1303718364L, 
1084011576L, -6483750L, -1911659120L, -45176068L, -1298058485L, 
659220877L, -1135177030L, 841742584L, -806386015L, -940728749L, 
631644532L, -1833494782L, 8748951L, -1691094687L, -2102953562L, 
217267108L, -1461524907L, -959060225L, 1616423832L, 1240386742L, 
1192208707L, -1335623547L, 1182423330L, 879831568L, 775926201L, 
-124386709L, -1192698532L, -1250186102L, 470049919L, 1783270857L, 
-1650981282L, -1584962292L, 1540972765L, 909184487L, 1934186000L, 
1520487214L, -2014605349L, -1923010371L, -1839318486L, 1909515976L, 
-146340879L, 1693738339L, 1287028068L, -1303314286L, 1750062439L, 
2074865457L, -701741962L, 1439161748L, 1759832485L, -706411857L, 
1071170408L, 648970054L, -1677318413L, 822011989L, 1679381554L, 
-1920945664L, 339100393L, 1266096475L, -1077636180L, -460427334L, 
-1514141329L, -1851227399L, 1516809102L, -1439181220L, -1415740211L, 
-2097427401L, 750479040L, 1426669982L, 306903659L, -1751768595L, 
420442202L, -1030103272L, -915004287L, -643497421L, 888512596L, 
-923736990L, -541627657L, 1726149953L, -1374104634L, -413716220L, 
830509237L, 1210359711L, 1413844984L, -1790393898L, -444508061L, 
215772197L, 673090498L, 2051014832L, -1926812455L, -1078662581L, 
247851196L, -1238003990L, 360800031L, 2109235113L, -1371850434L, 
-1633148884L, 1790701181L, -1164513081L, 1155857840L, -383649842L, 
1837559035L, -1079043235L, 682156170L, 1842425512L, -1578118639L, 
1325466371L, 1258624516L, -857184718L, 1891907207L, -1460495663L, 
13651030L, -1482243020L, 1199753029L, 641904015L, 389651720L, 
-1907048666L, 1676910547L, -653258443L, 637585554L, -1774040992L, 
-672637495L, -1248029445L, 1392769740L, -986644646L, -1941337521L, 
-304918759L, 2059749678L, -1786324164L, -216784723L, -1429789865L, 
181388960L, -107941890L, -1641863477L, -51959603L, 1633070074L, 
951613496L, 1563566561L, 503310995L, 981811380L, -1878142526L, 
904083927L, -645601759L, 1273372134L, 1067062500L, 807283733L, 
1160080447L, -611974184L, -1120250378L, -342092285L, 666210629L, 
